 N_scanPts:	142
 Nruns:	2
 Nsamples:	1
 Step_size:	1e+06
 startFreq:	2.8e+09
 endFreq:	2.94e+09
 MW_power:	0
 t_duration:	8e+09
 Max_scan_time(us):	97.20
 Min_scan_time(us):	15.80
 Total_scan_time(s):	0.005666
 Total_run_time(s):	39.46
 Step:	1e+06
 X0:	1004
 Y0:	792
 W:	220
 H:	404
 exposure (s):	0.060006
